fs = 10000;
f = 50;
Vp = 100;
k = 1.2;